/*--------------------------------*- C++ -*----------------------------------*\
| =========                 |                                                 |
| \\      /  F ield         | OpenFOAM: The Open Source CFD Toolbox           |
|  \\    /   O peration     | Version:  2.4.0                                 |
|   \\  /    A nd           | Web:      www.OpenFOAM.org                      |
|    \\/     M anipulation  |                                                 |
\*---------------------------------------------------------------------------*/
FoamFile
{
    version     2.0;
    format      ascii;
    class       faceSet;
    location    "constant/polyMesh/sets";
    object      nonOrthoFaces;
}
// * * * * * * * * * * * * * * * * * * * * * * * * * * * * * * * * * * * * * //


1428
(
163841 
167944 
163848 
147465 
172042 
167960 
151576 
167961 
151582 
139295 
143392 
176161 
172069 
151589 
167977 
172074 
155690 
159790 
143407 
147505 
167986 
155699 
139316 
159798 
159799 
147515 
176191 
151616 
147526 
155730 
176217 
127065 
127068 
151645 
143455 
168034 
163940 
159844 
139364 
163942 
163943 
176238 
143476 
176245 
139382 
155770 
151675 
147579 
159878 
159885 
176272 
147600 
176277 
159893 
168087 
168088 
168093 
147617 
168100 
176299 
164019 
155827 
172222 
151745 
164035 
176325 
172235 
172236 
151756 
151757 
164046 
155854 
151758 
143573 
151771 
147676 
176350 
164067 
164070 
164072 
151784 
139499 
164076 
164077 
143597 
172284 
143613 
151807 
176385 
164101 
139529 
168202 
176396 
168204 
168205 
164109 
139534 
139537 
160019 
151833 
155931 
168226 
168227 
139556 
176424 
168233 
168237 
168238 
168239 
172336 
147760 
172341 
172342 
139577 
151867 
139580 
147777 
176462 
155982 
168280 
143713 
172388 
160107 
143725 
168304 
168310 
143735 
164218 
156028 
172413 
160125 
139645 
160126 
156030 
143753 
176528 
176532 
147874 
143779 
164263 
160171 
147887 
147890 
176572 
156092 
156094 
147907 
160196 
143812 
143818 
139727 
147920 
152019 
160215 
164313 
160218 
143837 
147935 
139746 
139747 
176612 
172517 
139749 
172520 
164329 
143849 
164335 
160242 
160243 
172533 
172537 
160250 
164366 
176658 
143893 
176662 
172567 
143898 
139802 
176672 
172577 
176675 
143910 
176681 
152115 
152116 
176693 
176694 
139832 
139833 
172605 
160318 
148039 
172617 
164431 
172624 
160337 
148055 
148056 
148057 
139865 
148058 
176731 
148061 
176736 
176739 
143974 
176744 
168556 
139890 
156280 
156282 
164476 
164477 
135805 
135806 
135807 
160387 
172679 
139911 
139912 
176779 
164492 
176783 
144016 
139922 
164499 
139923 
156309 
172697 
160409 
156313 
156314 
168606 
172708 
144036 
172713 
168620 
164528 
164530 
164531 
144061 
160446 
160452 
172743 
135886 
135887 
148176 
135888 
148177 
176850 
152275 
172758 
176860 
164572 
168675 
168676 
164593 
164595 
160501 
160502 
156413 
176896 
148226 
168710 
168712 
168713 
176910 
168728 
172825 
168729 
152345 
164640 
164641 
168739 
140067 
172844 
140076 
172845 
140078 
152371 
152372 
172859 
164688 
176990 
176992 
164705 
176994 
176999 
148330 
172909 
172910 
140143 
177008 
140144 
148337 
160626 
160628 
172920 
156539 
156541 
168830 
172934 
168839 
164744 
164745 
144267 
144272 
177041 
177042 
156564 
148372 
172949 
172950 
156566 
172951 
152479 
164776 
140203 
140205 
140206 
168884 
140220 
140221 
148421 
156614 
148422 
160716 
160717 
140237 
140239 
152530 
164822 
164823 
164824 
177114 
164827 
164833 
156641 
160741 
144358 
140263 
177130 
140268 
148464 
173049 
173050 
168955 
168957 
152580 
173062 
160780 
144397 
140316 
152605 
140318 
152609 
177186 
140326 
148524 
152624 
156729 
173124 
164937 
173131 
173132 
156756 
173142 
177239 
173143 
173145 
173146 
152667 
152669 
169054 
144480 
152673 
173155 
169068 
164979 
177270 
164987 
164992 
173186 
152706 
173189 
160904 
160906 
177292 
177294 
169107 
144538 
177309 
160928 
160929 
165029 
165030 
177321 
177322 
177324 
152753 
165047 
173240 
165048 
152760 
169145 
156858 
148666 
177343 
144581 
156874 
156876 
160976 
177365 
148694 
152793 
148697 
177375 
177376 
148708 
148709 
148710 
152812 
169198 
140527 
148724 
173301 
156917 
169207 
144631 
156921 
144633 
144634 
148731 
140542 
161024 
156933 
156934 
177423 
173328 
148754 
144658 
152852 
148756 
152853 
140565 
177446 
156973 
169264 
144688 
165169 
161080 
156985 
169276 
148797 
148798 
156997 
152905 
173387 
177485 
165200 
165204 
165205 
169304 
165210 
173403 
173404 
161117 
152925 
157022 
157023 
157024 
157025 
173412 
140648 
169325 
173423 
173424 
173425 
173426 
173427 
140662 
177527 
136570 
173445 
173449 
173452 
177549 
161166 
177551 
173459 
173460 
173463 
161176 
161177 
161179 
173468 
161188 
132516 
177578 
169388 
153010 
153012 
148918 
140733 
157123 
169413 
144838 
177613 
173522 
140755 
153048 
169433 
165338 
165345 
173538 
173539 
173545 
169449 
148969 
148970 
144874 
140782 
153079 
157179 
165373 
148992 
157185 
165380 
165383 
161290 
169487 
161295 
169490 
165394 
144916 
140824 
157211 
140828 
153117 
157216 
173601 
157218 
157219 
177702 
177716 
177725 
173635 
149059 
149060 
169542 
177736 
157257 
173651 
157270 
165463 
144990 
177762 
165488 
165492 
157300 
149108 
140924 
149117 
140927 
161419 
173708 
165516 
157324 
157325 
165521 
149144 
145049 
161434 
169629 
177823 
161444 
173747 
173748 
149172 
161461 
153272 
149178 
149179 
177853 
161470 
161471 
140997 
173767 
165575 
173768 
173769 
165579 
161484 
177870 
177873 
177874 
165586 
157401 
136921 
161501 
173793 
157413 
169711 
169712 
177921 
169730 
136963 
165639 
161547 
149263 
161554 
165653 
161560 
141088 
165666 
173859 
165667 
173861 
173862 
149288 
153390 
169776 
173879 
157495 
169784 
165690 
149307 
149308 
157501 
145214 
177984 
161602 
153414 
104268 
173902 
153430 
149337 
169818 
165722 
169819 
165724 
161628 
173918 
153440 
157540 
173926 
173929 
145266 
145268 
173941 
141173 
178038 
132985 
157562 
149377 
141196 
178061 
161681 
141202 
169875 
153494 
173978 
173979 
153501 
178078 
153502 
153503 
149409 
149410 
153508 
141220 
178088 
178090 
149421 
149423 
178099 
153528 
153529 
145337 
165820 
178117 
161733 
161734 
153543 
161742 
174039 
165848 
153560 
165850 
165856 
161767 
169963 
141295 
161784 
174073 
161792 
145408 
141315 
145415 
145420 
174096 
174097 
149525 
141335 
165913 
149530 
174110 
165924 
149540 
174119 
174122 
145450 
170027 
145451 
170028 
161836 
157741 
157742 
149553 
174130 
174131 
145459 
153655 
174139 
170044 
178246 
137286 
137287 
137288 
157769 
165968 
165970 
145499 
178285 
161903 
157811 
141427 
141431 
174201 
141433 
174207 
174208 
170113 
137345 
170115 
141445 
149640 
170124 
153757 
170143 
178340 
145574 
149671 
174251 
161963 
174252 
141484 
141485 
161966 
141487 
178354 
149686 
166074 
161978 
166076 
174269 
149697 
149700 
145608 
145611 
145612 
153815 
174299 
157915 
170212 
170213 
174315 
162029 
145648 
166130 
178419 
174323 
166131 
178426 
178433 
145671 
178440 
166158 
170255 
162064 
170257 
162066 
141587 
178453 
145702 
170280 
174377 
170281 
170282 
157994 
153898 
145707 
174380 
153902 
153905 
162099 
174390 
178488 
149822 
170306 
170308 
162119 
174409 
158029 
141648 
178513 
149845 
166234 
162140 
174430 
166245 
178534 
162158 
170353 
174450 
170355 
178552 
174456 
170364 
158089 
141715 
158102 
149911 
154011 
154012 
145827 
166308 
158116 
174506 
174507 
170414 
162224 
162225 
174514 
162226 
145844 
145848 
174526 
170435 
158155 
178636 
158157 
174544 
158164 
158173 
178659 
149989 
166381 
166382 
154094 
162300 
174589 
162301 
162304 
150016 
166401 
145921 
170506 
166411 
154123 
170508 
141836 
145933 
174608 
162320 
174609 
162323 
174613 
170518 
166429 
141859 
137769 
137770 
137771 
174642 
170552 
162360 
162361 
178751 
158278 
158279 
166473 
162379 
162386 
150105 
178781 
166494 
166495 
158303 
158304 
178786 
162403 
178797 
154227 
174712 
170621 
133758 
162453 
166551 
146071 
146073 
146074 
158364 
158367 
166563 
170663 
166571 
162480 
178869 
158389 
72373 
72375 
170680 
166586 
178893 
174797 
162509 
178895 
178901 
162519 
162521 
154333 
178917 
142054 
142064 
142066 
146164 
174837 
146165 
174840 
154364 
154370 
178948 
170756 
158475 
158476 
178961 
154387 
174871 
158487 
158488 
178969 
170788 
150314 
146220 
170799 
146223 
146224 
146227 
174905 
162622 
174913 
146248 
166732 
162643 
158548 
170837 
142167 
179034 
146269 
170848 
146272 
170849 
170851 
162661 
179050 
174954 
179057 
162673 
162674 
162680 
162681 
121721 
179069 
154494 
166788 
154501 
174982 
150407 
166792 
170890 
170891 
158609 
174995 
146327 
166810 
162714 
179099 
175003 
162715 
175004 
154526 
146335 
158624 
154531 
142243 
142247 
170928 
158653 
170943 
170944 
179147 
179148 
179157 
166870 
166871 
179160 
166872 
170972 
179171 
154595 
154596 
142308 
179183 
179186 
162811 
158715 
158716 
146434 
146435 
175108 
150535 
150536 
166921 
162825 
150537 
146448 
179220 
166934 
166935 
179226 
154659 
146470 
142376 
171056 
171057 
166961 
166963 
162867 
150579 
146483 
150580 
179260 
162876 
154685 
158783 
179265 
179266 
166982 
154694 
162889 
142415 
142417 
142418 
175189 
175190 
150614 
142423 
142424 
179289 
175193 
154713 
171098 
142426 
158813 
158821 
158823 
158824 
171118 
171119 
179313 
150642 
175219 
142451 
146548 
158839 
162938 
142461 
175242 
167065 
162973 
167075 
171179 
167083 
158898 
154802 
162995 
150707 
175285 
146625 
142530 
142531 
175302 
171207 
158921 
158922 
158923 
163021 
158930 
150742 
175319 
150743 
146651 
167134 
167135 
175329 
175331 
142568 
48362 
179437 
154865 
154866 
154867 
171253 
158968 
158969 
171258 
138491 
138492 
138493 
167171 
40195 
167172 
179462 
142598 
142599 
175368 
146701 
146702 
175377 
163092 
163094 
158998 
154907 
154908 
175391 
154912 
150821 
146729 
171313 
171314 
175411 
175416 
167225 
146745 
171323 
175425 
171329 
150850 
142658 
150863 
150867 
146773 
163161 
171355 
163164 
150878 
171360 
150880 
142694 
142696 
167280 
167282 
167283 
146816 
179585 
179586 
142726 
179594 
175498 
171407 
146833 
175506 
171410 
171411 
167318 
179613 
167325 
142749 
167327 
142751 
167328 
142752 
171431 
175529 
179627 
171435 
171436 
142764 
167341 
179633 
175537 
179635 
171443 
142771 
146877 
146878 
163266 
146882 
171459 
163274 
179664 
155091 
163288 
146906 
155104 
146923 
151030 
175610 
155134 
155135 
159236 
138757 
171529 
171531 
179725 
175633 
167443 
179733 
142869 
175638 
142870 
167454 
138783 
138784 
138785 
146979 
163365 
146981 
163367 
159273 
171562 
142892 
171568 
146993 
126514 
179764 
163383 
163392 
151104 
142912 
175682 
142914 
142916 
175685 
151115 
142923 
155212 
163405 
175694 
167504 
147031 
147032 
163425 
159330 
179814 
171625 
155241 
175722 
147050 
175723 
155243 
151147 
147051 
175725 
163438 
167536 
163444 
171645 
147070 
138880 
138881 
151176 
179849 
142985 
142986 
179851 
167563 
179855 
159378 
155283 
179861 
179862 
155289 
159387 
167582 
163486 
175777 
151201 
167586 
175779 
167587 
179879 
151210 
163500 
159404 
159407 
171699 
147134 
171716 
163526 
179911 
171720 
179913 
163532 
147154 
155351 
175833 
163546 
143077 
167663 
138991 
138994 
175859 
138995 
159481 
151289 
159484 
159486 
143108 
147207 
163593 
167692 
147212 
147213 
159502 
139024 
167707 
167708 
175902 
175903 
155426 
175924 
163636 
143156 
163638 
171831 
139064 
175932 
171838 
171839 
155458 
167748 
171847 
155463 
143176 
175946 
155466 
143179 
139083 
143180 
175960 
171867 
139101 
139104 
163684 
151396 
171877 
139110 
167785 
147311 
139120 
167799 
163703 
155511 
163705 
167802 
167804 
176002 
163716 
163717 
163718 
171912 
163722 
147339 
155533 
155534 
167823 
167828 
171931 
159646 
151455 
167841 
167842 
171939 
151466 
159662 
143278 
147380 
147382 
159673 
159678 
159679 
151487 
176064 
171972 
147396 
139204 
167886 
139214 
167887 
159696 
139216 
167893 
139224 
143329 
167907 
151524 
143338 
147435 
172015 
176113 
172017 
176114 
143357 
143358 
176127 
)

// ************************************************************************* //
